
TOPOGRAPHY INFO
==================================================
TOPO_MIN =  -2836.10
TOPO_MAX =  2368.10
TOPO_MEAN = 54.91
TOPO_MED =  239.22


MESHFEM INTERFACE STATS
==================================================
NPTS_LON = 149
NPTS_LAT = 266
DELTA_X  = 296000.0
DELTA_Y  = 530000.0
DELTA_LAT  = 4.795566558255061
DELTA_LON  = 3.397168925773329
dX  = 2000.0
dY  = 2000.0
dLON    = 0.022799791448143147
dLAT    = 0.018028445707725792
LON_MIN = 126.59977521301609
LAT_MIN = 37.09989474388093
LON_MAX = 129.99694413878942
LAT_MAX = 41.89546130213599

Place one of the following in your 'interfaces.dat' file:


 .false. 149 266 126.60d0 37.10d0 0.022800d0 0.018028d0
 .true. 149 266 286700d0 4108650d0 2000.00d0 2000.00d0
